 Note: the E(HOMO) of TCE used for evaluating nucleophilicity index is the value evaluated at B3LYP/6-31G* level
 
 Hirshfeld charges, condensed Fukui functions and condensed dual descriptors
 Units used below are "e" (elementary charge)
     Atom     q(N)    q(N+1)   q(N-1)     f-       f+       f0      CDD
     1(C )  -0.0142  -0.1219   0.0694   0.0836   0.1077   0.0957   0.0240
     2(C )  -0.0882  -0.1198   0.0128   0.1010   0.0316   0.0663  -0.0695
     3(C )  -0.0293  -0.1587   0.0267   0.0559   0.1294   0.0927   0.0735
     4(C )  -0.0467  -0.1629   0.0529   0.0996   0.1162   0.1079   0.0166
     5(C )  -0.0717  -0.1162  -0.0364   0.0353   0.0445   0.0399   0.0092
     6(C )  -0.0602  -0.1732   0.0383   0.0986   0.1129   0.1057   0.0144
     7(N )  -0.0526  -0.0854   0.0384   0.0911   0.0327   0.0619  -0.0583
     8(H )   0.0508  -0.0033   0.0855   0.0348   0.0541   0.0444   0.0193
     9(H )   0.0468  -0.0040   0.0886   0.0418   0.0509   0.0463   0.0091
    10(C )   0.0054  -0.0104   0.0161   0.0107   0.0158   0.0132   0.0051
    11(C )  -0.0002  -0.0137   0.0180   0.0181   0.0136   0.0158  -0.0046
    12(C )   0.0307   0.0265   0.0397   0.0090   0.0042   0.0066  -0.0048
    13(C )  -0.0808  -0.0898  -0.0744   0.0065   0.0090   0.0077   0.0025
    14(H )   0.0406   0.0112   0.0644   0.0238   0.0294   0.0266   0.0056
    15(C )  -0.0809  -0.0983  -0.0667   0.0141   0.0174   0.0158   0.0033
    16(C )   0.0553   0.0478   0.0652   0.0099   0.0075   0.0087  -0.0025
    17(H )   0.0368   0.0184   0.0654   0.0286   0.0184   0.0235  -0.0101
    18(H )   0.0404   0.0258   0.0598   0.0195   0.0146   0.0170  -0.0049
    19(C )   0.0259   0.0179   0.0361   0.0101   0.0081   0.0091  -0.0021
    20(C )  -0.0551  -0.0591  -0.0441   0.0110   0.0040   0.0075  -0.0070
    21(H )   0.0467   0.0456   0.0544   0.0077   0.0011   0.0044  -0.0066
    22(H )   0.0332   0.0270   0.0368   0.0036   0.0062   0.0049   0.0027
    23(H )   0.0303   0.0080   0.0497   0.0195   0.0223   0.0209   0.0029
    24(H )   0.0301   0.0261   0.0301   0.0000   0.0040   0.0020   0.0039
    25(H )   0.0348   0.0216   0.0468   0.0120   0.0132   0.0126   0.0011
    26(H )   0.0299   0.0012   0.0511   0.0213   0.0287   0.0250   0.0074
    27(H )   0.0323   0.0217   0.0391   0.0068   0.0106   0.0087   0.0038
    28(O )  -0.1856  -0.2002  -0.1669   0.0188   0.0146   0.0167  -0.0042
    29(C )  -0.0564  -0.0614  -0.0498   0.0066   0.0050   0.0058  -0.0016
    30(H )   0.0453   0.0279   0.0661   0.0209   0.0174   0.0191  -0.0035
    31(H )   0.0362   0.0214   0.0551   0.0189   0.0147   0.0168  -0.0042
    32(H )   0.0335   0.0240   0.0456   0.0121   0.0095   0.0108  -0.0026
    33(H )   0.0329   0.0192   0.0537   0.0208   0.0137   0.0173  -0.0071
    34(H )   0.0354   0.0391   0.0365   0.0011  -0.0036  -0.0013  -0.0047
    35(H )   0.0337   0.0278   0.0425   0.0088   0.0060   0.0074  -0.0029
    36(H )   0.0351   0.0204   0.0531   0.0180   0.0147   0.0164  -0.0034
 
 Condensed local electrophilicity/nucleophilicity index (e*eV)
     Atom              Electrophilicity          Nucleophilicity
     1(C )                  0.05157                  0.35647
     2(C )                  0.01511                  0.43053
     3(C )                  0.06198                  0.23836
     4(C )                  0.05567                  0.42464
     5(C )                  0.02131                  0.15042
     6(C )                  0.05409                  0.42005
     7(N )                  0.01568                  0.38808
     8(H )                  0.02591                  0.14810
     9(H )                  0.02436                  0.17810
    10(C )                  0.00756                  0.04542
    11(C )                  0.00649                  0.07730
    12(C )                  0.00200                  0.03839
    13(C )                  0.00431                  0.02758
    14(H )                  0.01408                  0.10133
    15(C )                  0.00836                  0.06028
    16(C )                  0.00358                  0.04234
    17(H )                  0.00883                  0.12174
    18(H )                  0.00699                  0.08300
    19(C )                  0.00386                  0.04323
    20(C )                  0.00191                  0.04679
    21(H )                  0.00054                  0.03268
    22(H )                  0.00299                  0.01523
    23(H )                  0.01068                  0.08291
    24(H )                  0.00190                  0.00012
    25(H )                  0.00631                  0.05135
    26(H )                  0.01375                  0.09068
    27(H )                  0.00508                  0.02919
    28(O )                  0.00699                  0.08007
    29(C )                  0.00239                  0.02817
    30(H )                  0.00832                  0.08902
    31(H )                  0.00706                  0.08071
    32(H )                  0.00456                  0.05165
    33(H )                  0.00657                  0.08863
    34(H )                 -0.00174                  0.00469
    35(H )                  0.00285                  0.03756
    36(H )                  0.00703                  0.07692
 
 Condensed local softness (e/Hartree), relative electrophilicity/nucleophilicity (dimensionless) and condensed local hyper-softness (e/Hartree^2)
     Atom         s-          s+          s0        s+/s-       s-/s+       s(2)
     1(C )      0.2957      0.3807      0.3382      1.2874      0.7768      0.3004
     2(C )      0.3571      0.1115      0.2343      0.3123      3.2017     -0.8681
     3(C )      0.1977      0.4574      0.3276      2.3137      0.4322      0.9181
     4(C )      0.3522      0.4109      0.3815      1.1665      0.8573      0.2073
     5(C )      0.1248      0.1573      0.1410      1.2606      0.7933      0.1149
     6(C )      0.3484      0.3992      0.3738      1.1458      0.8728      0.1795
     7(N )      0.3219      0.1157      0.2188      0.3596      2.7812     -0.7287
     8(H )      0.1228      0.1912      0.1570      1.5568      0.6424      0.2418
     9(H )      0.1477      0.1798      0.1637      1.2169      0.8218      0.1132
    10(C )      0.0377      0.0558      0.0467      1.4815      0.6750      0.0641
    11(C )      0.0641      0.0479      0.0560      0.7472      1.3384     -0.0573
    12(C )      0.0318      0.0148      0.0233      0.4637      2.1565     -0.0604
    13(C )      0.0229      0.0318      0.0273      1.3904      0.7192      0.0316
    14(H )      0.0840      0.1040      0.0940      1.2368      0.8085      0.0704
    15(C )      0.0500      0.0617      0.0558      1.2336      0.8106      0.0413
    16(C )      0.0351      0.0264      0.0308      0.7523      1.3293     -0.0308
    17(H )      0.1010      0.0652      0.0831      0.6453      1.5496     -0.1266
    18(H )      0.0688      0.0516      0.0602      0.7490      1.3351     -0.0611
    19(C )      0.0359      0.0285      0.0322      0.7947      1.2583     -0.0260
    20(C )      0.0388      0.0141      0.0264      0.3630      2.7547     -0.0874
    21(H )      0.0271      0.0040      0.0155      0.1459      6.8556     -0.0818
    22(H )      0.0126      0.0220      0.0173      1.7446      0.5732      0.0333
    23(H )      0.0688      0.0789      0.0738      1.1467      0.8721      0.0357
    24(H )      0.0001      0.0140      0.0071    140.6192      0.0071      0.0493
    25(H )      0.0426      0.0466      0.0446      1.0939      0.9142      0.0141
    26(H )      0.0752      0.1015      0.0884      1.3495      0.7410      0.0929
    27(H )      0.0242      0.0375      0.0309      1.5502      0.6451      0.0471
    28(O )      0.0664      0.0516      0.0590      0.7771      1.2869     -0.0523
    29(C )      0.0234      0.0177      0.0205      0.7558      1.3232     -0.0202
    30(H )      0.0738      0.0614      0.0676      0.8314      1.2027     -0.0440
    31(H )      0.0669      0.0521      0.0595      0.7778      1.2857     -0.0526
    32(H )      0.0428      0.0336      0.0382      0.7851      1.2738     -0.0325
    33(H )      0.0735      0.0485      0.0610      0.6597      1.5157     -0.0884
    34(H )      0.0039     -0.0128     -0.0045     -3.2969     -0.3033     -0.0591
    35(H )      0.0312      0.0211      0.0261      0.6761      1.4790     -0.0357
    36(H )      0.0638      0.0519      0.0579      0.8137      1.2289     -0.0420
 
 E(N):     -712.888627 Hartree
 E(N+1):     -712.846970 Hartree
 E(N-1):     -712.647388 Hartree
 E_HOMO(N):     -0.178582 Hartree,   -4.8595 eV
 E_HOMO(N+1):    0.105544 Hartree,    2.8720 eV
 E_HOMO(N-1):   -0.369210 Hartree,  -10.0467 eV
 First vertical IP:     0.241238 Hartree,    6.5644 eV
 First vertical EA:    -0.041656 Hartree,   -1.1335 eV
 Mulliken electronegativity:     0.099791 Hartree,    2.7155 eV
 Chemical potential:            -0.099791 Hartree,   -2.7155 eV
 Hardness (=fundamental gap):    0.282894 Hartree,    7.6979 eV
 Softness:      3.534887 Hartree^-1,    0.1299 eV^-1
 Softness^2:   12.495429 Hartree^-2,    0.0169 eV^-2
 Electrophilicity index:    0.017601 Hartree,    0.4789 eV
 Nucleophilicity index:     0.156616 Hartree,    4.2617 eV
